 
 coefficient
--------------------------------------------------
  1.000000000000  1.000000000000  0.000000000000  3.000000000000 
  2.000000000000  1.000000000000 -1.000000000000  1.000000000000 
  3.000000000000 -1.000000000000 -1.000000000000  2.000000000000 
 -1.000000000000  2.000000000000  3.000000000000 -1.000000000000 
--------------------------------------------------
 b
  4.000000000000  1.000000000000 -3.000000000000  4.000000000000 
--------------------------------------------------
 x
 -1.000000000000  2.000000000000  0.000000000000  1.000000000000 
 
 coefficient
--------------------------------------------------
  0.000000000000  1.000000000000  0.000000000000 
  1.000000000000  0.000000000000  0.000000000000 
  0.000000000000  0.000000000000  1.000000000000 
--------------------------------------------------
 b
  2.000000000000  3.000000000000  4.000000000000 
--------------------------------------------------
 x
  3.000000000000  2.000000000000  4.000000000000 
 
 coefficient
--------------------------------------------------
  1.000000000000  1.000000000000  1.000000000000  1.000000000000 
  1.000000000000  1.000000000000  1.000000000000  1.000000000000 
  3.000000000000 -1.000000000000 -1.000000000000  2.000000000000 
 -1.000000000000  2.000000000000  3.000000000000 -1.000000000000 
--------------------------------------------------
 b
  4.000000000000  1.000000000000 -3.000000000000  4.000000000000 
 No answer
