------------------------------------------------------------
findx
------------------------------------------------------------
         0.529100E+01         0.000000E+00        -0.613000E+01         0.000000E+00 
         0.300000E-02         0.000000E+00         0.591400E+02         0.000000E+00 
B
         0.467800E+02         0.000000E+00         0.591700E+02         0.000000E+00 
X
         0.100000E+02         0.000000E+00         0.100000E+01         0.000000E+00 
------------------------------------------------------------
findx
------------------------------------------------------------
         0.211000E+01         0.000000E+00        -0.421000E+01         0.000000E+00         0.921000E+00         0.000000E+00 
         0.401000E+01         0.000000E+00         0.102000E+02         0.000000E+00        -0.112000E+01         0.000000E+00 
         0.109000E+01         0.000000E+00         0.987000E+00         0.000000E+00         0.832000E+00         0.000000E+00 
B
         0.201000E+01         0.000000E+00        -0.309000E+01         0.000000E+00         0.421000E+01         0.000000E+00 
X
        -0.428004E+00         0.000000E+00         0.426903E+00         0.000000E+00         0.511439E+01         0.000000E+00 
------------------------------------------------------------
findx
------------------------------------------------------------
         0.100000E+01         0.000000E+00         0.100000E+01         0.000000E+00         0.000000E+00         0.000000E+00         0.300000E+01         0.000000E+00 
         0.200000E+01         0.000000E+00         0.100000E+01         0.000000E+00        -0.100000E+01         0.000000E+00         0.100000E+01         0.000000E+00 
         0.300000E+01         0.000000E+00        -0.100000E+01         0.000000E+00        -0.100000E+01         0.000000E+00         0.200000E+01         0.000000E+00 
        -0.100000E+01         0.000000E+00         0.200000E+01         0.000000E+00         0.300000E+01         0.000000E+00        -0.100000E+01         0.000000E+00 
B
         0.800000E+01         0.000000E+00         0.700000E+01         0.000000E+00         0.140000E+02         0.000000E+00        -0.700000E+01         0.000000E+00 
X
         0.300000E+01         0.000000E+00        -0.100000E+01         0.000000E+00         0.000000E+00         0.000000E+00         0.200000E+01         0.000000E+00 
