------------------------------------------------------------
A+B
------------------------------------------------------------
   1.000000   0.000000   2.000000   0.000000   3.000000   0.000000   4.000000   0.000000 
   2.000000   0.000000   3.000000   0.000000   4.000000   0.000000   5.000000   0.000000 
   3.000000   0.000000   4.000000   0.000000   5.000000   0.000000   6.000000   0.000000 
   2.000000   0.000000   2.000000   0.000000   2.000000   0.000000   2.000000   0.000000 
    +
   2.000000   0.000000   2.000000   0.000000   2.000000   0.000000   2.000000   0.000000 
   2.000000   0.000000   2.000000   0.000000   2.000000   0.000000   2.000000   0.000000 
   2.000000   0.000000   2.000000   0.000000   2.000000   0.000000   2.000000   0.000000 
   2.000000   0.000000   2.000000   0.000000   2.000000   0.000000   2.000000   0.000000 
    =
   3.000000   0.000000   4.000000   0.000000   5.000000   0.000000   6.000000   0.000000 
   4.000000   0.000000   5.000000   0.000000   6.000000   0.000000   7.000000   0.000000 
   5.000000   0.000000   6.000000   0.000000   7.000000   0.000000   8.000000   0.000000 
   4.000000   0.000000   4.000000   0.000000   4.000000   0.000000   4.000000   0.000000 
------------------------------------------------------------
A*B
------------------------------------------------------------
   1.000000   0.000000   2.000000   0.000000   3.000000   0.000000   4.000000   0.000000 
   2.000000   0.000000   3.000000   0.000000   4.000000   0.000000   5.000000   0.000000 
   3.000000   0.000000   4.000000   0.000000   5.000000   0.000000   6.000000   0.000000 
   2.000000   0.000000   2.000000   0.000000   2.000000   0.000000   2.000000   0.000000 
    *
   2.000000   0.000000   2.000000   0.000000   2.000000   0.000000   2.000000   0.000000 
   2.000000   0.000000   2.000000   0.000000   2.000000   0.000000   2.000000   0.000000 
   2.000000   0.000000   2.000000   0.000000   2.000000   0.000000   2.000000   0.000000 
   2.000000   0.000000   2.000000   0.000000   2.000000   0.000000   2.000000   0.000000 
    =
  20.000000   0.000000  20.000000   0.000000  20.000000   0.000000  20.000000   0.000000 
  28.000000   0.000000  28.000000   0.000000  28.000000   0.000000  28.000000   0.000000 
  36.000000   0.000000  36.000000   0.000000  36.000000   0.000000  36.000000   0.000000 
  16.000000   0.000000  16.000000   0.000000  16.000000   0.000000  16.000000   0.000000 
------------------------------------------------------------
determinant
------------------------------------------------------------
   1.000000   0.000000   1.000000   0.000000   0.000000   0.000000   3.000000   0.000000 
   2.000000   0.000000   1.000000   0.000000  -1.000000   0.000000   1.000000   0.000000 
   3.000000   0.000000  -1.000000   0.000000  -1.000000   0.000000   2.000000   0.000000 
  -1.000000   0.000000   2.000000   0.000000   3.000000   0.000000  -1.000000   0.000000 
  determinant =   39.000000   0.000000 
------------------------------------------------------------
inverse
------------------------------------------------------------
   1.000000   0.000000   0.000000   0.000000   0.000000   0.000000   0.000000   0.000000   0.000000   0.000000 
   0.000000   0.000000   2.000000   0.000000   0.000000   0.000000   0.000000   0.000000   0.000000   0.000000 
   0.000000   0.000000   0.000000   0.000000   3.000000   0.000000   0.000000   0.000000   0.000000   0.000000 
   0.000000   0.000000   0.000000   0.000000   0.000000   0.000000   4.000000   0.000000   0.000000   0.000000 
   0.000000   0.000000   0.000000   0.000000   0.000000   0.000000   0.000000   0.000000   5.000000   0.000000 
  inverse = 
   1.000000   0.000000   0.000000   0.000000   0.000000   0.000000   0.000000   0.000000   0.000000   0.000000 
   0.000000   0.000000   0.500000   0.000000   0.000000   0.000000   0.000000   0.000000   0.000000   0.000000 
   0.000000   0.000000   0.000000   0.000000   0.333333   0.000000   0.000000   0.000000   0.000000   0.000000 
   0.000000   0.000000   0.000000   0.000000   0.000000   0.000000   0.250000   0.000000   0.000000   0.000000 
   0.000000   0.000000   0.000000   0.000000   0.000000   0.000000   0.000000   0.000000   0.200000   0.000000 

------------------------------------------------------------
findx
------------------------------------------------------------
   1.000000   0.000000   1.000000   0.000000   0.000000   0.000000   3.000000   0.000000 
   2.000000   0.000000   1.000000   0.000000  -1.000000   0.000000   1.000000   0.000000 
   3.000000   0.000000  -1.000000   0.000000  -1.000000   0.000000   2.000000   0.000000 
  -1.000000   0.000000   2.000000   0.000000   3.000000   0.000000  -1.000000   0.000000 
B
   8.000000   0.000000   7.000000   0.000000  14.000000   0.000000  -7.000000   0.000000 
X
   3.000000   0.000000  -1.000000   0.000000   0.000000   0.000000   2.000000   0.000000 
