------------------------------------------------------------------------------------------------------------------------
w =    0.200000E+00  tol =   0.100000E-05
************************************************************************************************************************
  k                  x1                                      x2                                   x3
------------------------------------------------------------------------------------------------------------------------
  1  ( 0.1850000000E+01 0.0000000000E+00)  ( 0.2072500000E+01 0.0000000000E+00)  (-0.2963750000E+00 0.0000000000E+00) 
  2  ( 0.2369125000E+01 0.0000000000E+00)  ( 0.2787812500E+01 0.0000000000E+00)  (-0.1297709375E+01 0.0000000000E+00) 
  3  ( 0.2677128125E+01 0.0000000000E+00)  ( 0.3263795313E+01 0.0000000000E+00)  (-0.2074977734E+01 0.0000000000E+00) 
  4  ( 0.2852133203E+01 0.0000000000E+00)  ( 0.3579467383E+01 0.0000000000E+00)  (-0.2681008818E+01 0.0000000000E+00) 
  5  ( 0.2944786455E+01 0.0000000000E+00)  ( 0.3787805497E+01 0.0000000000E+00)  (-0.3155416780E+01 0.0000000000E+00) 
  6  ( 0.2987658340E+01 0.0000000000E+00)  ( 0.3924324808E+01 0.0000000000E+00)  (-0.3528117183E+01 0.0000000000E+00) 
  7  ( 0.3001477950E+01 0.0000000000E+00)  ( 0.4012832294E+01 0.0000000000E+00)  (-0.3821852132E+01 0.0000000000E+00) 
  8  ( 0.2999257516E+01 0.0000000000E+00)  ( 0.4069284602E+01 0.0000000000E+00)  (-0.4054017476E+01 0.0000000000E+00) 
  9  ( 0.2989013323E+01 0.0000000000E+00)  ( 0.4104374809E+01 0.0000000000E+00)  (-0.4237995240E+01 0.0000000000E+00) 
 10  ( 0.2975554437E+01 0.0000000000E+00)  ( 0.4125266920E+01 0.0000000000E+00)  (-0.4384132846E+01 0.0000000000E+00) 
 11  ( 0.2961653511E+01 0.0000000000E+00)  ( 0.4136758867E+01 0.0000000000E+00)  (-0.4500468333E+01 0.0000000000E+00) 
 12  ( 0.2948808979E+01 0.0000000000E+00)  ( 0.4142062330E+01 0.0000000000E+00)  (-0.4593271550E+01 0.0000000000E+00) 
 13  ( 0.2937737834E+01 0.0000000000E+00)  ( 0.4143325611E+01 0.0000000000E+00)  (-0.4667450960E+01 0.0000000000E+00) 
 14  ( 0.2928691425E+01 0.0000000000E+00)  ( 0.4141984227E+01 0.0000000000E+00)  (-0.4726861556E+01 0.0000000000E+00) 
 15  ( 0.2921655506E+01 0.0000000000E+00)  ( 0.4138995978E+01 0.0000000000E+00)  (-0.4774539446E+01 0.0000000000E+00) 
 16  ( 0.2916475008E+01 0.0000000000E+00)  ( 0.4134998559E+01 0.0000000000E+00)  (-0.4812881629E+01 0.0000000000E+00) 
 17  ( 0.2912930223E+01 0.0000000000E+00)  ( 0.4130415232E+01 0.0000000000E+00)  (-0.4843784542E+01 0.0000000000E+00) 
 18  ( 0.2910781893E+01 0.0000000000E+00)  ( 0.4125525675E+01 0.0000000000E+00)  (-0.4868751350E+01 0.0000000000E+00) 
 19  ( 0.2909796664E+01 0.0000000000E+00)  ( 0.4120513473E+01 0.0000000000E+00)  (-0.4888975406E+01 0.0000000000E+00) 
 20  ( 0.2909760310E+01 0.0000000000E+00)  ( 0.4115497961E+01 0.0000000000E+00)  (-0.4905405427E+01 0.0000000000E+00) 
 21  ( 0.2910483554E+01 0.0000000000E+00)  ( 0.4110555565E+01 0.0000000000E+00)  (-0.4918796563E+01 0.0000000000E+00) 
 22  ( 0.2911803508E+01 0.0000000000E+00)  ( 0.4105734097E+01 0.0000000000E+00)  (-0.4929750546E+01 0.0000000000E+00) 
 23  ( 0.2913582692E+01 0.0000000000E+00)  ( 0.4101062347E+01 0.0000000000E+00)  (-0.4938747319E+01 0.0000000000E+00) 
 24  ( 0.2915706802E+01 0.0000000000E+00)  ( 0.4096556491E+01 0.0000000000E+00)  (-0.4946170031E+01 0.0000000000E+00) 
 25  ( 0.2918081968E+01 0.0000000000E+00)  ( 0.4092224396E+01 0.0000000000E+00)  (-0.4952324805E+01 0.0000000000E+00) 
 26  ( 0.2920631915E+01 0.0000000000E+00)  ( 0.4088068490E+01 0.0000000000E+00)  (-0.4957456419E+01 0.0000000000E+00) 
 27  ( 0.2923295258E+01 0.0000000000E+00)  ( 0.4084087682E+01 0.0000000000E+00)  (-0.4961760751E+01 0.0000000000E+00) 
 28  ( 0.2926023054E+01 0.0000000000E+00)  ( 0.4080278650E+01 0.0000000000E+00)  (-0.4965394669E+01 0.0000000000E+00) 
 29  ( 0.2928776646E+01 0.0000000000E+00)  ( 0.4076636690E+01 0.0000000000E+00)  (-0.4968483900E+01 0.0000000000E+00) 
 30  ( 0.2931525813E+01 0.0000000000E+00)  ( 0.4073156285E+01 0.0000000000E+00)  (-0.4971129306E+01 0.0000000000E+00) 
 31  ( 0.2934247208E+01 0.0000000000E+00)  ( 0.4069831481E+01 0.0000000000E+00)  (-0.4973411871E+01 0.0000000000E+00) 
 32  ( 0.2936923044E+01 0.0000000000E+00)  ( 0.4066656135E+01 0.0000000000E+00)  (-0.4975396690E+01 0.0000000000E+00) 
 33  ( 0.2939540015E+01 0.0000000000E+00)  ( 0.4063624071E+01 0.0000000000E+00)  (-0.4977136148E+01 0.0000000000E+00) 
 34  ( 0.2942088401E+01 0.0000000000E+00)  ( 0.4060729189E+01 0.0000000000E+00)  (-0.4978672459E+01 0.0000000000E+00) 
 35  ( 0.2944561343E+01 0.0000000000E+00)  ( 0.4057965527E+01 0.0000000000E+00)  (-0.4980039691E+01 0.0000000000E+00) 
 36  ( 0.2946954245E+01 0.0000000000E+00)  ( 0.4055327300E+01 0.0000000000E+00)  (-0.4981265388E+01 0.0000000000E+00) 
 37  ( 0.2949264301E+01 0.0000000000E+00)  ( 0.4052808926E+01 0.0000000000E+00)  (-0.4982371864E+01 0.0000000000E+00) 
 38  ( 0.2951490102E+01 0.0000000000E+00)  ( 0.4050405032E+01 0.0000000000E+00)  (-0.4983377240E+01 0.0000000000E+00) 
 39  ( 0.2953631327E+01 0.0000000000E+00)  ( 0.4048110465E+01 0.0000000000E+00)  (-0.4984296268E+01 0.0000000000E+00) 
 40  ( 0.2955688492E+01 0.0000000000E+00)  ( 0.4045920285E+01 0.0000000000E+00)  (-0.4985141001E+01 0.0000000000E+00) 
 41  ( 0.2957662751E+01 0.0000000000E+00)  ( 0.4043829765E+01 0.0000000000E+00)  (-0.4985921312E+01 0.0000000000E+00) 
 42  ( 0.2959555736E+01 0.0000000000E+00)  ( 0.4041834386E+01 0.0000000000E+00)  (-0.4986645330E+01 0.0000000000E+00) 
 43  ( 0.2961369431E+01 0.0000000000E+00)  ( 0.4039929828E+01 0.0000000000E+00)  (-0.4987319773E+01 0.0000000000E+00) 
 44  ( 0.2963106070E+01 0.0000000000E+00)  ( 0.4038111963E+01 0.0000000000E+00)  (-0.4987950220E+01 0.0000000000E+00) 
 45  ( 0.2964768062E+01 0.0000000000E+00)  ( 0.4036376850E+01 0.0000000000E+00)  (-0.4988541334E+01 0.0000000000E+00) 
 46  ( 0.2966357922E+01 0.0000000000E+00)  ( 0.4034720725E+01 0.0000000000E+00)  (-0.4989097031E+01 0.0000000000E+00) 
 47  ( 0.2967878229E+01 0.0000000000E+00)  ( 0.4033139994E+01 0.0000000000E+00)  (-0.4989620625E+01 0.0000000000E+00) 
 48  ( 0.2969331584E+01 0.0000000000E+00)  ( 0.4031631226E+01 0.0000000000E+00)  (-0.4990114939E+01 0.0000000000E+00) 
 49  ( 0.2970720583E+01 0.0000000000E+00)  ( 0.4030191147E+01 0.0000000000E+00)  (-0.4990582394E+01 0.0000000000E+00) 
 50  ( 0.2972047795E+01 0.0000000000E+00)  ( 0.4028816629E+01 0.0000000000E+00)  (-0.4991025083E+01 0.0000000000E+00) 
 51  ( 0.2973315741E+01 0.0000000000E+00)  ( 0.4027504687E+01 0.0000000000E+00)  (-0.4991444832E+01 0.0000000000E+00) 
 52  ( 0.2974526890E+01 0.0000000000E+00)  ( 0.4026252475E+01 0.0000000000E+00)  (-0.4991843242E+01 0.0000000000E+00) 
 53  ( 0.2975683641E+01 0.0000000000E+00)  ( 0.4025057272E+01 0.0000000000E+00)  (-0.4992221730E+01 0.0000000000E+00) 
 54  ( 0.2976788322E+01 0.0000000000E+00)  ( 0.4023916483E+01 0.0000000000E+00)  (-0.4992581560E+01 0.0000000000E+00) 
 55  ( 0.2977843185E+01 0.0000000000E+00)  ( 0.4022827630E+01 0.0000000000E+00)  (-0.4992923866E+01 0.0000000000E+00) 
 56  ( 0.2978850404E+01 0.0000000000E+00)  ( 0.4021788350E+01 0.0000000000E+00)  (-0.4993249676E+01 0.0000000000E+00) 
 57  ( 0.2979812070E+01 0.0000000000E+00)  ( 0.4020796386E+01 0.0000000000E+00)  (-0.4993559921E+01 0.0000000000E+00) 
 58  ( 0.2980730198E+01 0.0000000000E+00)  ( 0.4019849583E+01 0.0000000000E+00)  (-0.4993855458E+01 0.0000000000E+00) 
 59  ( 0.2981606721E+01 0.0000000000E+00)  ( 0.4018945885E+01 0.0000000000E+00)  (-0.4994137072E+01 0.0000000000E+00) 
 60  ( 0.2982443494E+01 0.0000000000E+00)  ( 0.4018083331E+01 0.0000000000E+00)  (-0.4994405491E+01 0.0000000000E+00) 
 61  ( 0.2983242296E+01 0.0000000000E+00)  ( 0.4017260046E+01 0.0000000000E+00)  (-0.4994661391E+01 0.0000000000E+00) 
 62  ( 0.2984004830E+01 0.0000000000E+00)  ( 0.4016474242E+01 0.0000000000E+00)  (-0.4994905400E+01 0.0000000000E+00) 
 63  ( 0.2984732727E+01 0.0000000000E+00)  ( 0.4015724215E+01 0.0000000000E+00)  (-0.4995138110E+01 0.0000000000E+00) 
 64  ( 0.2985427550E+01 0.0000000000E+00)  ( 0.4015008334E+01 0.0000000000E+00)  (-0.4995360071E+01 0.0000000000E+00) 
 65  ( 0.2986090790E+01 0.0000000000E+00)  ( 0.4014325045E+01 0.0000000000E+00)  (-0.4995571804E+01 0.0000000000E+00) 
 66  ( 0.2986723875E+01 0.0000000000E+00)  ( 0.4013672865E+01 0.0000000000E+00)  (-0.4995773800E+01 0.0000000000E+00) 
 67  ( 0.2987328170E+01 0.0000000000E+00)  ( 0.4013050376E+01 0.0000000000E+00)  (-0.4995966521E+01 0.0000000000E+00) 
 68  ( 0.2987904980E+01 0.0000000000E+00)  ( 0.4012456228E+01 0.0000000000E+00)  (-0.4996150406E+01 0.0000000000E+00) 
 69  ( 0.2988455550E+01 0.0000000000E+00)  ( 0.4011889130E+01 0.0000000000E+00)  (-0.4996325868E+01 0.0000000000E+00) 
 70  ( 0.2988981070E+01 0.0000000000E+00)  ( 0.4011347850E+01 0.0000000000E+00)  (-0.4996493302E+01 0.0000000000E+00) 
 71  ( 0.2989482679E+01 0.0000000000E+00)  ( 0.4010831213E+01 0.0000000000E+00)  (-0.4996653081E+01 0.0000000000E+00) 
 72  ( 0.2989961461E+01 0.0000000000E+00)  ( 0.4010338097E+01 0.0000000000E+00)  (-0.4996805560E+01 0.0000000000E+00) 
 73  ( 0.2990418454E+01 0.0000000000E+00)  ( 0.4009867431E+01 0.0000000000E+00)  (-0.4996951076E+01 0.0000000000E+00) 
 74  ( 0.2990854649E+01 0.0000000000E+00)  ( 0.4009418194E+01 0.0000000000E+00)  (-0.4997089951E+01 0.0000000000E+00) 
 75  ( 0.2991270990E+01 0.0000000000E+00)  ( 0.4008989409E+01 0.0000000000E+00)  (-0.4997222491E+01 0.0000000000E+00) 
 76  ( 0.2991668381E+01 0.0000000000E+00)  ( 0.4008580146E+01 0.0000000000E+00)  (-0.4997348985E+01 0.0000000000E+00) 
 77  ( 0.2992047683E+01 0.0000000000E+00)  ( 0.4008189515E+01 0.0000000000E+00)  (-0.4997469712E+01 0.0000000000E+00) 
 78  ( 0.2992409719E+01 0.0000000000E+00)  ( 0.4007816669E+01 0.0000000000E+00)  (-0.4997584937E+01 0.0000000000E+00) 
 79  ( 0.2992755275E+01 0.0000000000E+00)  ( 0.4007460797E+01 0.0000000000E+00)  (-0.4997694909E+01 0.0000000000E+00) 
 80  ( 0.2993085100E+01 0.0000000000E+00)  ( 0.4007121127E+01 0.0000000000E+00)  (-0.4997799871E+01 0.0000000000E+00) 
 81  ( 0.2993399911E+01 0.0000000000E+00)  ( 0.4006796921E+01 0.0000000000E+00)  (-0.4997900051E+01 0.0000000000E+00) 
 82  ( 0.2993700391E+01 0.0000000000E+00)  ( 0.4006487476E+01 0.0000000000E+00)  (-0.4997995667E+01 0.0000000000E+00) 
 83  ( 0.2993987191E+01 0.0000000000E+00)  ( 0.4006192119E+01 0.0000000000E+00)  (-0.4998086928E+01 0.0000000000E+00) 
 84  ( 0.2994260935E+01 0.0000000000E+00)  ( 0.4005910208E+01 0.0000000000E+00)  (-0.4998174032E+01 0.0000000000E+00) 
 85  ( 0.2994522217E+01 0.0000000000E+00)  ( 0.4005641132E+01 0.0000000000E+00)  (-0.4998257169E+01 0.0000000000E+00) 
 86  ( 0.2994771604E+01 0.0000000000E+00)  ( 0.4005384307E+01 0.0000000000E+00)  (-0.4998336520E+01 0.0000000000E+00) 
 87  ( 0.2995009637E+01 0.0000000000E+00)  ( 0.4005139174E+01 0.0000000000E+00)  (-0.4998412257E+01 0.0000000000E+00) 
 88  ( 0.2995236833E+01 0.0000000000E+00)  ( 0.4004905201E+01 0.0000000000E+00)  (-0.4998484546E+01 0.0000000000E+00) 
 89  ( 0.2995453686E+01 0.0000000000E+00)  ( 0.4004681881E+01 0.0000000000E+00)  (-0.4998553542E+01 0.0000000000E+00) 
 90  ( 0.2995660667E+01 0.0000000000E+00)  ( 0.4004468728E+01 0.0000000000E+00)  (-0.4998619398E+01 0.0000000000E+00) 
 91  ( 0.2995858225E+01 0.0000000000E+00)  ( 0.4004265278E+01 0.0000000000E+00)  (-0.4998682254E+01 0.0000000000E+00) 
 92  ( 0.2996046788E+01 0.0000000000E+00)  ( 0.4004071092E+01 0.0000000000E+00)  (-0.4998742249E+01 0.0000000000E+00) 
 93  ( 0.2996226766E+01 0.0000000000E+00)  ( 0.4003885746E+01 0.0000000000E+00)  (-0.4998799512E+01 0.0000000000E+00) 
 94  ( 0.2996398551E+01 0.0000000000E+00)  ( 0.4003708839E+01 0.0000000000E+00)  (-0.4998854167E+01 0.0000000000E+00) 
 95  ( 0.2996562515E+01 0.0000000000E+00)  ( 0.4003539985E+01 0.0000000000E+00)  (-0.4998906335E+01 0.0000000000E+00) 
 96  ( 0.2996719014E+01 0.0000000000E+00)  ( 0.4003378819E+01 0.0000000000E+00)  (-0.4998956127E+01 0.0000000000E+00) 
 97  ( 0.2996868389E+01 0.0000000000E+00)  ( 0.4003224991E+01 0.0000000000E+00)  (-0.4999003652E+01 0.0000000000E+00) 
 98  ( 0.2997010962E+01 0.0000000000E+00)  ( 0.4003078166E+01 0.0000000000E+00)  (-0.4999049013E+01 0.0000000000E+00) 
 99  ( 0.2997147045E+01 0.0000000000E+00)  ( 0.4002938025E+01 0.0000000000E+00)  (-0.4999092309E+01 0.0000000000E+00) 
100  ( 0.2997276932E+01 0.0000000000E+00)  ( 0.4002804265E+01 0.0000000000E+00)  (-0.4999133634E+01 0.0000000000E+00) 
101  ( 0.2997400906E+01 0.0000000000E+00)  ( 0.4002676594E+01 0.0000000000E+00)  (-0.4999173078E+01 0.0000000000E+00) 
102  ( 0.2997519236E+01 0.0000000000E+00)  ( 0.4002554736E+01 0.0000000000E+00)  (-0.4999210725E+01 0.0000000000E+00) 
103  ( 0.2997632178E+01 0.0000000000E+00)  ( 0.4002438426E+01 0.0000000000E+00)  (-0.4999246659E+01 0.0000000000E+00) 
104  ( 0.2997739979E+01 0.0000000000E+00)  ( 0.4002327411E+01 0.0000000000E+00)  (-0.4999280957E+01 0.0000000000E+00) 
105  ( 0.2997842871E+01 0.0000000000E+00)  ( 0.4002221450E+01 0.0000000000E+00)  (-0.4999313693E+01 0.0000000000E+00) 
106  ( 0.2997941079E+01 0.0000000000E+00)  ( 0.4002120314E+01 0.0000000000E+00)  (-0.4999344939E+01 0.0000000000E+00) 
107  ( 0.2998034816E+01 0.0000000000E+00)  ( 0.4002023782E+01 0.0000000000E+00)  (-0.4999374762E+01 0.0000000000E+00) 
108  ( 0.2998124286E+01 0.0000000000E+00)  ( 0.4001931644E+01 0.0000000000E+00)  (-0.4999403227E+01 0.0000000000E+00) 
109  ( 0.2998209682E+01 0.0000000000E+00)  ( 0.4001843702E+01 0.0000000000E+00)  (-0.4999430397E+01 0.0000000000E+00) 
110  ( 0.2998291190E+01 0.0000000000E+00)  ( 0.4001759763E+01 0.0000000000E+00)  (-0.4999456329E+01 0.0000000000E+00) 
111  ( 0.2998368988E+01 0.0000000000E+00)  ( 0.4001679646E+01 0.0000000000E+00)  (-0.4999481081E+01 0.0000000000E+00) 
112  ( 0.2998443243E+01 0.0000000000E+00)  ( 0.4001603176E+01 0.0000000000E+00)  (-0.4999504706E+01 0.0000000000E+00) 
113  ( 0.2998514118E+01 0.0000000000E+00)  ( 0.4001530188E+01 0.0000000000E+00)  (-0.4999527255E+01 0.0000000000E+00) 
114  ( 0.2998581767E+01 0.0000000000E+00)  ( 0.4001460522E+01 0.0000000000E+00)  (-0.4999548778E+01 0.0000000000E+00) 
115  ( 0.2998646335E+01 0.0000000000E+00)  ( 0.4001394029E+01 0.0000000000E+00)  (-0.4999569321E+01 0.0000000000E+00) 
116  ( 0.2998707964E+01 0.0000000000E+00)  ( 0.4001330562E+01 0.0000000000E+00)  (-0.4999588929E+01 0.0000000000E+00) 
117  ( 0.2998766786E+01 0.0000000000E+00)  ( 0.4001269986E+01 0.0000000000E+00)  (-0.4999607644E+01 0.0000000000E+00) 
118  ( 0.2998822931E+01 0.0000000000E+00)  ( 0.4001212167E+01 0.0000000000E+00)  (-0.4999625507E+01 0.0000000000E+00) 
119  ( 0.2998876520E+01 0.0000000000E+00)  ( 0.4001156980E+01 0.0000000000E+00)  (-0.4999642556E+01 0.0000000000E+00) 
120  ( 0.2998927669E+01 0.0000000000E+00)  ( 0.4001104306E+01 0.0000000000E+00)  (-0.4999658830E+01 0.0000000000E+00) 
121  ( 0.2998976489E+01 0.0000000000E+00)  ( 0.4001054030E+01 0.0000000000E+00)  (-0.4999674362E+01 0.0000000000E+00) 
122  ( 0.2999023087E+01 0.0000000000E+00)  ( 0.4001006043E+01 0.0000000000E+00)  (-0.4999689188E+01 0.0000000000E+00) 
123  ( 0.2999067563E+01 0.0000000000E+00)  ( 0.4000960240E+01 0.0000000000E+00)  (-0.4999703338E+01 0.0000000000E+00) 
124  ( 0.2999110015E+01 0.0000000000E+00)  ( 0.4000916523E+01 0.0000000000E+00)  (-0.4999716844E+01 0.0000000000E+00) 
125  ( 0.2999150533E+01 0.0000000000E+00)  ( 0.4000874796E+01 0.0000000000E+00)  (-0.4999729736E+01 0.0000000000E+00) 
126  ( 0.2999189207E+01 0.0000000000E+00)  ( 0.4000834969E+01 0.0000000000E+00)  (-0.4999742040E+01 0.0000000000E+00) 
127  ( 0.2999226120E+01 0.0000000000E+00)  ( 0.4000796955E+01 0.0000000000E+00)  (-0.4999753784E+01 0.0000000000E+00) 
128  ( 0.2999261353E+01 0.0000000000E+00)  ( 0.4000760672E+01 0.0000000000E+00)  (-0.4999764994E+01 0.0000000000E+00) 
129  ( 0.2999294982E+01 0.0000000000E+00)  ( 0.4000726041E+01 0.0000000000E+00)  (-0.4999775693E+01 0.0000000000E+00) 
130  ( 0.2999327079E+01 0.0000000000E+00)  ( 0.4000692986E+01 0.0000000000E+00)  (-0.4999785905E+01 0.0000000000E+00) 
131  ( 0.2999357715E+01 0.0000000000E+00)  ( 0.4000661436E+01 0.0000000000E+00)  (-0.4999795652E+01 0.0000000000E+00) 
132  ( 0.2999386957E+01 0.0000000000E+00)  ( 0.4000631323E+01 0.0000000000E+00)  (-0.4999804956E+01 0.0000000000E+00) 
133  ( 0.2999414867E+01 0.0000000000E+00)  ( 0.4000602580E+01 0.0000000000E+00)  (-0.4999813836E+01 0.0000000000E+00) 
134  ( 0.2999441507E+01 0.0000000000E+00)  ( 0.4000575147E+01 0.0000000000E+00)  (-0.4999822311E+01 0.0000000000E+00) 
135  ( 0.2999466933E+01 0.0000000000E+00)  ( 0.4000548962E+01 0.0000000000E+00)  (-0.4999830401E+01 0.0000000000E+00) 
136  ( 0.2999491202E+01 0.0000000000E+00)  ( 0.4000523969E+01 0.0000000000E+00)  (-0.4999838122E+01 0.0000000000E+00) 
137  ( 0.2999514367E+01 0.0000000000E+00)  ( 0.4000500114E+01 0.0000000000E+00)  (-0.4999845492E+01 0.0000000000E+00) 
138  ( 0.2999536476E+01 0.0000000000E+00)  ( 0.4000477345E+01 0.0000000000E+00)  (-0.4999852526E+01 0.0000000000E+00) 
139  ( 0.2999557579E+01 0.0000000000E+00)  ( 0.4000455613E+01 0.0000000000E+00)  (-0.4999859240E+01 0.0000000000E+00) 
140  ( 0.2999577721E+01 0.0000000000E+00)  ( 0.4000434870E+01 0.0000000000E+00)  (-0.4999865649E+01 0.0000000000E+00) 
141  ( 0.2999596947E+01 0.0000000000E+00)  ( 0.4000415072E+01 0.0000000000E+00)  (-0.4999871765E+01 0.0000000000E+00) 
142  ( 0.2999615296E+01 0.0000000000E+00)  ( 0.4000396175E+01 0.0000000000E+00)  (-0.4999877604E+01 0.0000000000E+00) 
143  ( 0.2999632811E+01 0.0000000000E+00)  ( 0.4000378138E+01 0.0000000000E+00)  (-0.4999883176E+01 0.0000000000E+00) 
144  ( 0.2999649528E+01 0.0000000000E+00)  ( 0.4000360922E+01 0.0000000000E+00)  (-0.4999888495E+01 0.0000000000E+00) 
145  ( 0.2999665484E+01 0.0000000000E+00)  ( 0.4000344490E+01 0.0000000000E+00)  (-0.4999893571E+01 0.0000000000E+00) 
146  ( 0.2999680714E+01 0.0000000000E+00)  ( 0.4000328807E+01 0.0000000000E+00)  (-0.4999898417E+01 0.0000000000E+00) 
------------------------------------------------------------------------------------------------------------------------
w =    0.500000E+00  tol =   0.100000E-05
************************************************************************************************************************
  k                  x1                                      x2                                   x3
------------------------------------------------------------------------------------------------------------------------
  1  ( 0.3125000000E+01 0.0000000000E+00)  ( 0.3203125000E+01 0.0000000000E+00)  (-0.2099609375E+01 0.0000000000E+00) 
  2  ( 0.3361328125E+01 0.0000000000E+00)  ( 0.3828613281E+01 0.0000000000E+00)  (-0.3571228027E+01 0.0000000000E+00) 
  3  ( 0.3244934082E+01 0.0000000000E+00)  ( 0.4001052856E+01 0.0000000000E+00)  (-0.4285482407E+01 0.0000000000E+00) 
  4  ( 0.3122072220E+01 0.0000000000E+00)  ( 0.4044064045E+01 0.0000000000E+00)  (-0.4637233198E+01 0.0000000000E+00) 
  5  ( 0.3044512093E+01 0.0000000000E+00)  ( 0.4050685838E+01 0.0000000000E+00)  (-0.4812280869E+01 0.0000000000E+00) 
  6  ( 0.3003248857E+01 0.0000000000E+00)  ( 0.4047589489E+01 0.0000000000E+00)  (-0.4900191748E+01 0.0000000000E+00) 
  7  ( 0.2983778370E+01 0.0000000000E+00)  ( 0.4042353887E+01 0.0000000000E+00)  (-0.4944801638E+01 0.0000000000E+00) 
  8  ( 0.2976006478E+01 0.0000000000E+00)  ( 0.4037074310E+01 0.0000000000E+00)  (-0.4967766530E+01 0.0000000000E+00) 
  9  ( 0.2974100373E+01 0.0000000000E+00)  ( 0.4032278699E+01 0.0000000000E+00)  (-0.4979848428E+01 0.0000000000E+00) 
 10  ( 0.2974945674E+01 0.0000000000E+00)  ( 0.4028053668E+01 0.0000000000E+00)  (-0.4986417505E+01 0.0000000000E+00) 
 11  ( 0.2976952712E+01 0.0000000000E+00)  ( 0.4024367379E+01 0.0000000000E+00)  (-0.4990162830E+01 0.0000000000E+00) 
 12  ( 0.2979338589E+01 0.0000000000E+00)  ( 0.4021161365E+01 0.0000000000E+00)  (-0.4992436245E+01 0.0000000000E+00) 
 13  ( 0.2981733783E+01 0.0000000000E+00)  ( 0.4018375983E+01 0.0000000000E+00)  (-0.4993921124E+01 0.0000000000E+00) 
 14  ( 0.2983975897E+01 0.0000000000E+00)  ( 0.4015956890E+01 0.0000000000E+00)  (-0.4994965951E+01 0.0000000000E+00) 
 15  ( 0.2986004115E+01 0.0000000000E+00)  ( 0.4013856158E+01 0.0000000000E+00)  (-0.4995750956E+01 0.0000000000E+00) 
 16  ( 0.2987805998E+01 0.0000000000E+00)  ( 0.4012031960E+01 0.0000000000E+00)  (-0.4996371483E+01 0.0000000000E+00) 
 17  ( 0.2989391014E+01 0.0000000000E+00)  ( 0.4010447914E+01 0.0000000000E+00)  (-0.4996879752E+01 0.0000000000E+00) 
 18  ( 0.2990777539E+01 0.0000000000E+00)  ( 0.4009072411E+01 0.0000000000E+00)  (-0.4997305825E+01 0.0000000000E+00) 
 19  ( 0.2991986616E+01 0.0000000000E+00)  ( 0.4007877997E+01 0.0000000000E+00)  (-0.4997668163E+01 0.0000000000E+00) 
 20  ( 0.2993039059E+01 0.0000000000E+00)  ( 0.4006840831E+01 0.0000000000E+00)  (-0.4997978978E+01 0.0000000000E+00) 
 21  ( 0.2993954218E+01 0.0000000000E+00)  ( 0.4005940211E+01 0.0000000000E+00)  (-0.4998246962E+01 0.0000000000E+00) 
 22  ( 0.2994749530E+01 0.0000000000E+00)  ( 0.4005158162E+01 0.0000000000E+00)  (-0.4998478711E+01 0.0000000000E+00) 
 23  ( 0.2995440454E+01 0.0000000000E+00)  ( 0.4004479072E+01 0.0000000000E+00)  (-0.4998679472E+01 0.0000000000E+00) 
 24  ( 0.2996040575E+01 0.0000000000E+00)  ( 0.4003889386E+01 0.0000000000E+00)  (-0.4998853562E+01 0.0000000000E+00) 
 25  ( 0.2996561768E+01 0.0000000000E+00)  ( 0.4003377335E+01 0.0000000000E+00)  (-0.4999004614E+01 0.0000000000E+00) 
 26  ( 0.2997014383E+01 0.0000000000E+00)  ( 0.4002932697E+01 0.0000000000E+00)  (-0.4999135720E+01 0.0000000000E+00) 
 27  ( 0.2997407430E+01 0.0000000000E+00)  ( 0.4002546597E+01 0.0000000000E+00)  (-0.4999249535E+01 0.0000000000E+00) 
 28  ( 0.2997748741E+01 0.0000000000E+00)  ( 0.4002211329E+01 0.0000000000E+00)  (-0.4999348352E+01 0.0000000000E+00) 
 29  ( 0.2998045122E+01 0.0000000000E+00)  ( 0.4001920199E+01 0.0000000000E+00)  (-0.4999434151E+01 0.0000000000E+00) 
 30  ( 0.2998302486E+01 0.0000000000E+00)  ( 0.4001667398E+01 0.0000000000E+00)  (-0.4999508651E+01 0.0000000000E+00) 
 31  ( 0.2998525969E+01 0.0000000000E+00)  ( 0.4001447880E+01 0.0000000000E+00)  (-0.4999573340E+01 0.0000000000E+00) 
 32  ( 0.2998720030E+01 0.0000000000E+00)  ( 0.4001257261E+01 0.0000000000E+00)  (-0.4999629513E+01 0.0000000000E+00) 
 33  ( 0.2998888542E+01 0.0000000000E+00)  ( 0.4001091738E+01 0.0000000000E+00)  (-0.4999678289E+01 0.0000000000E+00) 
 34  ( 0.2999034869E+01 0.0000000000E+00)  ( 0.4000948007E+01 0.0000000000E+00)  (-0.4999720644E+01 0.0000000000E+00) 
 35  ( 0.2999161932E+01 0.0000000000E+00)  ( 0.4000823199E+01 0.0000000000E+00)  (-0.4999757422E+01 0.0000000000E+00) 
 36  ( 0.2999272266E+01 0.0000000000E+00)  ( 0.4000714822E+01 0.0000000000E+00)  (-0.4999789358E+01 0.0000000000E+00) 
 37  ( 0.2999368075E+01 0.0000000000E+00)  ( 0.4000620713E+01 0.0000000000E+00)  (-0.4999817090E+01 0.0000000000E+00) 
 38  ( 0.2999451270E+01 0.0000000000E+00)  ( 0.4000538994E+01 0.0000000000E+00)  (-0.4999841171E+01 0.0000000000E+00) 
 39  ( 0.2999523512E+01 0.0000000000E+00)  ( 0.4000468033E+01 0.0000000000E+00)  (-0.4999862081E+01 0.0000000000E+00) 
 40  ( 0.2999586244E+01 0.0000000000E+00)  ( 0.4000406415E+01 0.0000000000E+00)  (-0.4999880239E+01 0.0000000000E+00) 
 41  ( 0.2999640716E+01 0.0000000000E+00)  ( 0.4000352909E+01 0.0000000000E+00)  (-0.4999896006E+01 0.0000000000E+00) 
 42  ( 0.2999688017E+01 0.0000000000E+00)  ( 0.4000306447E+01 0.0000000000E+00)  (-0.4999909697E+01 0.0000000000E+00) 
 43  ( 0.2999729091E+01 0.0000000000E+00)  ( 0.4000266103E+01 0.0000000000E+00)  (-0.4999921586E+01 0.0000000000E+00) 
 44  ( 0.2999764757E+01 0.0000000000E+00)  ( 0.4000231069E+01 0.0000000000E+00)  (-0.4999931909E+01 0.0000000000E+00) 
 45  ( 0.2999795727E+01 0.0000000000E+00)  ( 0.4000200648E+01 0.0000000000E+00)  (-0.4999940874E+01 0.0000000000E+00) 
 46  ( 0.2999822621E+01 0.0000000000E+00)  ( 0.4000174232E+01 0.0000000000E+00)  (-0.4999948658E+01 0.0000000000E+00) 
 47  ( 0.2999845973E+01 0.0000000000E+00)  ( 0.4000151294E+01 0.0000000000E+00)  (-0.4999955417E+01 0.0000000000E+00) 
 48  ( 0.2999866251E+01 0.0000000000E+00)  ( 0.4000131376E+01 0.0000000000E+00)  (-0.4999961287E+01 0.0000000000E+00) 
 49  ( 0.2999883860E+01 0.0000000000E+00)  ( 0.4000114079E+01 0.0000000000E+00)  (-0.4999966383E+01 0.0000000000E+00) 
 50  ( 0.2999899150E+01 0.0000000000E+00)  ( 0.4000099060E+01 0.0000000000E+00)  (-0.4999970809E+01 0.0000000000E+00) 
------------------------------------------------------------------------------------------------------------------------
w =    0.750000E+00  tol =   0.100000E-05
************************************************************************************************************************
  k                  x1                                      x2                                   x3
------------------------------------------------------------------------------------------------------------------------
  1  ( 0.4187500000E+01 0.0000000000E+00)  ( 0.3707031250E+01 0.0000000000E+00)  (-0.3554931641E+01 0.0000000000E+00) 
  2  ( 0.3461669922E+01 0.0000000000E+00)  ( 0.3938018799E+01 0.0000000000E+00)  (-0.4650354385E+01 0.0000000000E+00) 
  3  ( 0.3150281906E+01 0.0000000000E+00)  ( 0.3965529680E+01 0.0000000000E+00)  (-0.4919051781E+01 0.0000000000E+00) 
  4  ( 0.3056960031E+01 0.0000000000E+00)  ( 0.3974520193E+01 0.0000000000E+00)  (-0.4984540409E+01 0.0000000000E+00) 
  5  ( 0.3028572399E+01 0.0000000000E+00)  ( 0.3980456747E+01 0.0000000000E+00)  (-0.4999799462E+01 0.0000000000E+00) 
  6  ( 0.3018136179E+01 0.0000000000E+00)  ( 0.3984950187E+01 0.0000000000E+00)  (-0.5002771706E+01 0.0000000000E+00) 
  7  ( 0.3012999565E+01 0.0000000000E+00)  ( 0.3988405597E+01 0.0000000000E+00)  (-0.5002866877E+01 0.0000000000E+00) 
  8  ( 0.3009771743E+01 0.0000000000E+00)  ( 0.3991067254E+01 0.0000000000E+00)  (-0.5002391609E+01 0.0000000000E+00) 
  9  ( 0.3007467605E+01 0.0000000000E+00)  ( 0.3993117859E+01 0.0000000000E+00)  (-0.5001888304E+01 0.0000000000E+00) 
 10  ( 0.3005738106E+01 0.0000000000E+00)  ( 0.3994697723E+01 0.0000000000E+00)  (-0.5001466253E+01 0.0000000000E+00) 
 11  ( 0.3004417057E+01 0.0000000000E+00)  ( 0.3995914914E+01 0.0000000000E+00)  (-0.5001132517E+01 0.0000000000E+00) 
 12  ( 0.3003402125E+01 0.0000000000E+00)  ( 0.3996852686E+01 0.0000000000E+00)  (-0.5000873251E+01 0.0000000000E+00) 
 13  ( 0.3002620895E+01 0.0000000000E+00)  ( 0.3997575183E+01 0.0000000000E+00)  (-0.5000672966E+01 0.0000000000E+00) 
 14  ( 0.3002019183E+01 0.0000000000E+00)  ( 0.3998131824E+01 0.0000000000E+00)  (-0.5000518524E+01 0.0000000000E+00) 
 15  ( 0.3001555645E+01 0.0000000000E+00)  ( 0.3998560683E+01 0.0000000000E+00)  (-0.5000399503E+01 0.0000000000E+00) 
 16  ( 0.3001198527E+01 0.0000000000E+00)  ( 0.3998891092E+01 0.0000000000E+00)  (-0.5000307796E+01 0.0000000000E+00) 
 17  ( 0.3000923392E+01 0.0000000000E+00)  ( 0.3999145653E+01 0.0000000000E+00)  (-0.5000237139E+01 0.0000000000E+00) 
 18  ( 0.3000711418E+01 0.0000000000E+00)  ( 0.3999341777E+01 0.0000000000E+00)  (-0.5000182702E+01 0.0000000000E+00) 
 19  ( 0.3000548105E+01 0.0000000000E+00)  ( 0.3999492879E+01 0.0000000000E+00)  (-0.5000140761E+01 0.0000000000E+00) 
 20  ( 0.3000422282E+01 0.0000000000E+00)  ( 0.3999609293E+01 0.0000000000E+00)  (-0.5000108448E+01 0.0000000000E+00) 
 21  ( 0.3000325343E+01 0.0000000000E+00)  ( 0.3999698984E+01 0.0000000000E+00)  (-0.5000083552E+01 0.0000000000E+00) 
 22  ( 0.3000250657E+01 0.0000000000E+00)  ( 0.3999768085E+01 0.0000000000E+00)  (-0.5000064372E+01 0.0000000000E+00) 
 23  ( 0.3000193116E+01 0.0000000000E+00)  ( 0.3999821324E+01 0.0000000000E+00)  (-0.5000049595E+01 0.0000000000E+00) 
 24  ( 0.3000148785E+01 0.0000000000E+00)  ( 0.3999862341E+01 0.0000000000E+00)  (-0.5000038210E+01 0.0000000000E+00) 
 25  ( 0.3000114630E+01 0.0000000000E+00)  ( 0.3999893942E+01 0.0000000000E+00)  (-0.5000029438E+01 0.0000000000E+00) 
 26  ( 0.3000088315E+01 0.0000000000E+00)  ( 0.3999918288E+01 0.0000000000E+00)  (-0.5000022681E+01 0.0000000000E+00) 
 27  ( 0.3000068042E+01 0.0000000000E+00)  ( 0.3999937046E+01 0.0000000000E+00)  (-0.5000017474E+01 0.0000000000E+00) 
 28  ( 0.3000052422E+01 0.0000000000E+00)  ( 0.3999951498E+01 0.0000000000E+00)  (-0.5000013463E+01 0.0000000000E+00) 
------------------------------------------------------------------------------------------------------------------------
w =    0.100000E+01  tol =   0.100000E-05
************************************************************************************************************************
  k                  x1                                      x2                                   x3
------------------------------------------------------------------------------------------------------------------------
  1  ( 0.5250000000E+01 0.0000000000E+00)  ( 0.3812500000E+01 0.0000000000E+00)  (-0.5046875000E+01 0.0000000000E+00) 
  2  ( 0.3140625000E+01 0.0000000000E+00)  ( 0.3882812500E+01 0.0000000000E+00)  (-0.5029296875E+01 0.0000000000E+00) 
  3  ( 0.3087890625E+01 0.0000000000E+00)  ( 0.3926757812E+01 0.0000000000E+00)  (-0.5018310547E+01 0.0000000000E+00) 
  4  ( 0.3054931641E+01 0.0000000000E+00)  ( 0.3954223633E+01 0.0000000000E+00)  (-0.5011444092E+01 0.0000000000E+00) 
  5  ( 0.3034332275E+01 0.0000000000E+00)  ( 0.3971389771E+01 0.0000000000E+00)  (-0.5007152557E+01 0.0000000000E+00) 
  6  ( 0.3021457672E+01 0.0000000000E+00)  ( 0.3982118607E+01 0.0000000000E+00)  (-0.5004470348E+01 0.0000000000E+00) 
  7  ( 0.3013411045E+01 0.0000000000E+00)  ( 0.3988824129E+01 0.0000000000E+00)  (-0.5002793968E+01 0.0000000000E+00) 
  8  ( 0.3008381903E+01 0.0000000000E+00)  ( 0.3993015081E+01 0.0000000000E+00)  (-0.5001746230E+01 0.0000000000E+00) 
  9  ( 0.3005238689E+01 0.0000000000E+00)  ( 0.3995634425E+01 0.0000000000E+00)  (-0.5001091394E+01 0.0000000000E+00) 
 10  ( 0.3003274181E+01 0.0000000000E+00)  ( 0.3997271516E+01 0.0000000000E+00)  (-0.5000682121E+01 0.0000000000E+00) 
 11  ( 0.3002046363E+01 0.0000000000E+00)  ( 0.3998294697E+01 0.0000000000E+00)  (-0.5000426326E+01 0.0000000000E+00) 
 12  ( 0.3001278977E+01 0.0000000000E+00)  ( 0.3998934186E+01 0.0000000000E+00)  (-0.5000266454E+01 0.0000000000E+00) 
 13  ( 0.3000799361E+01 0.0000000000E+00)  ( 0.3999333866E+01 0.0000000000E+00)  (-0.5000166533E+01 0.0000000000E+00) 
 14  ( 0.3000499600E+01 0.0000000000E+00)  ( 0.3999583666E+01 0.0000000000E+00)  (-0.5000104083E+01 0.0000000000E+00) 
 15  ( 0.3000312250E+01 0.0000000000E+00)  ( 0.3999739791E+01 0.0000000000E+00)  (-0.5000065052E+01 0.0000000000E+00) 
 16  ( 0.3000195156E+01 0.0000000000E+00)  ( 0.3999837370E+01 0.0000000000E+00)  (-0.5000040658E+01 0.0000000000E+00) 
 17  ( 0.3000121973E+01 0.0000000000E+00)  ( 0.3999898356E+01 0.0000000000E+00)  (-0.5000025411E+01 0.0000000000E+00) 
 18  ( 0.3000076233E+01 0.0000000000E+00)  ( 0.3999936473E+01 0.0000000000E+00)  (-0.5000015882E+01 0.0000000000E+00) 
 19  ( 0.3000047646E+01 0.0000000000E+00)  ( 0.3999960295E+01 0.0000000000E+00)  (-0.5000009926E+01 0.0000000000E+00) 
 20  ( 0.3000029779E+01 0.0000000000E+00)  ( 0.3999975185E+01 0.0000000000E+00)  (-0.5000006204E+01 0.0000000000E+00) 
------------------------------------------------------------------------------------------------------------------------
w =    0.110000E+01  tol =   0.100000E-05
************************************************************************************************************************
  k                  x1                                      x2                                   x3
------------------------------------------------------------------------------------------------------------------------
  1  ( 0.5675000000E+01 0.0000000000E+00)  ( 0.3743125000E+01 0.0000000000E+00)  (-0.5670640625E+01 0.0000000000E+00) 
  2  ( 0.2944421875E+01 0.0000000000E+00)  ( 0.3887113281E+01 0.0000000000E+00)  (-0.4963979785E+01 0.0000000000E+00) 
  3  ( 0.3098689355E+01 0.0000000000E+00)  ( 0.3939775513E+01 0.0000000000E+00)  (-0.5020163755E+01 0.0000000000E+00) 
  4  ( 0.3039816266E+01 0.0000000000E+00)  ( 0.3967628996E+01 0.0000000000E+00)  (-0.5006885651E+01 0.0000000000E+00) 
  5  ( 0.3022724452E+01 0.0000000000E+00)  ( 0.3982595874E+01 0.0000000000E+00)  (-0.5004097570E+01 0.0000000000E+00) 
  6  ( 0.3012085959E+01 0.0000000000E+00)  ( 0.3990642665E+01 0.0000000000E+00)  (-0.5002163510E+01 0.0000000000E+00) 
  7  ( 0.3006511206E+01 0.0000000000E+00)  ( 0.3994969024E+01 0.0000000000E+00)  (-0.5001167167E+01 0.0000000000E+00) 
  8  ( 0.3003499435E+01 0.0000000000E+00)  ( 0.3997295093E+01 0.0000000000E+00)  (-0.5000627133E+01 0.0000000000E+00) 
  9  ( 0.3001881605E+01 0.0000000000E+00)  ( 0.3998545705E+01 0.0000000000E+00)  (-0.5000337218E+01 0.0000000000E+00) 
 10  ( 0.3001011633E+01 0.0000000000E+00)  ( 0.3999218098E+01 0.0000000000E+00)  (-0.5000181301E+01 0.0000000000E+00) 
 11  ( 0.3000543906E+01 0.0000000000E+00)  ( 0.3999579610E+01 0.0000000000E+00)  (-0.5000097477E+01 0.0000000000E+00) 
 12  ( 0.3000292431E+01 0.0000000000E+00)  ( 0.3999773977E+01 0.0000000000E+00)  (-0.5000052409E+01 0.0000000000E+00) 
 13  ( 0.3000157226E+01 0.0000000000E+00)  ( 0.3999878479E+01 0.0000000000E+00)  (-0.5000028178E+01 0.0000000000E+00) 
 14  ( 0.3000084533E+01 0.0000000000E+00)  ( 0.3999934664E+01 0.0000000000E+00)  (-0.5000015150E+01 0.0000000000E+00) 
 15  ( 0.3000045449E+01 0.0000000000E+00)  ( 0.3999964872E+01 0.0000000000E+00)  (-0.5000008145E+01 0.0000000000E+00) 
 16  ( 0.3000024436E+01 0.0000000000E+00)  ( 0.3999981113E+01 0.0000000000E+00)  (-0.5000004379E+01 0.0000000000E+00) 
------------------------------------------------------------------------------------------------------------------------
w =    0.125000E+01  tol =   0.100000E-05
************************************************************************************************************************
  k                  x1                                      x2                                   x3
------------------------------------------------------------------------------------------------------------------------
  1  ( 0.6312500000E+01 0.0000000000E+00)  ( 0.3519531250E+01 0.0000000000E+00)  (-0.6650146484E+01 0.0000000000E+00) 
  2  ( 0.2622314453E+01 0.0000000000E+00)  ( 0.3958526611E+01 0.0000000000E+00)  (-0.4600423813E+01 0.0000000000E+00) 
  3  ( 0.3133302689E+01 0.0000000000E+00)  ( 0.4010264635E+01 0.0000000000E+00)  (-0.5096686348E+01 0.0000000000E+00) 
  4  ( 0.2957051232E+01 0.0000000000E+00)  ( 0.4007483827E+01 0.0000000000E+00)  (-0.4973489717E+01 0.0000000000E+00) 
  5  ( 0.3003721104E+01 0.0000000000E+00)  ( 0.4002924972E+01 0.0000000000E+00)  (-0.5005713517E+01 0.0000000000E+00) 
  6  ( 0.2996327563E+01 0.0000000000E+00)  ( 0.4000926193E+01 0.0000000000E+00)  (-0.4998282186E+01 0.0000000000E+00) 
  7  ( 0.3000049804E+01 0.0000000000E+00)  ( 0.4000258578E+01 0.0000000000E+00)  (-0.5000348648E+01 0.0000000000E+00) 
  8  ( 0.2999745132E+01 0.0000000000E+00)  ( 0.4000065342E+01 0.0000000000E+00)  (-0.4999892419E+01 0.0000000000E+00) 
  9  ( 0.3000002459E+01 0.0000000000E+00)  ( 0.4000014978E+01 0.0000000000E+00)  (-0.5000022215E+01 0.0000000000E+00) 
 10  ( 0.2999985343E+01 0.0000000000E+00)  ( 0.4000003054E+01 0.0000000000E+00)  (-0.4999993492E+01 0.0000000000E+00) 
 11  ( 0.3000000801E+01 0.0000000000E+00)  ( 0.4000000519E+01 0.0000000000E+00)  (-0.5000001465E+01 0.0000000000E+00) 
 12  ( 0.2999999313E+01 0.0000000000E+00)  ( 0.4000000057E+01 0.0000000000E+00)  (-0.4999999616E+01 0.0000000000E+00) 
------------------------------------------------------------------------------------------------------------------------
w =    0.150000E+01  tol =   0.100000E-05
************************************************************************************************************************
  k                  x1                                      x2                                   x3
------------------------------------------------------------------------------------------------------------------------
  1  ( 0.7375000000E+01 0.0000000000E+00)  ( 0.2828125000E+01 0.0000000000E+00)  (-0.8439453125E+01 0.0000000000E+00) 
  2  ( 0.2130859375E+01 0.0000000000E+00)  ( 0.4273925781E+01 0.0000000000E+00)  (-0.3177551270E+01 0.0000000000E+00) 
  3  ( 0.3126403809E+01 0.0000000000E+00)  ( 0.4404251099E+01 0.0000000000E+00)  (-0.5759630203E+01 0.0000000000E+00) 
  4  ( 0.2482015610E+01 0.0000000000E+00)  ( 0.4095745564E+01 0.0000000000E+00)  (-0.4584280312E+01 0.0000000000E+00) 
  5  ( 0.3151278436E+01 0.0000000000E+00)  ( 0.3937833861E+01 0.0000000000E+00)  (-0.5231172146E+01 0.0000000000E+00) 
  6  ( 0.2994297689E+01 0.0000000000E+00)  ( 0.3950808615E+01 0.0000000000E+00)  (-0.4902860696E+01 0.0000000000E+00) 
  7  ( 0.3058191464E+01 0.0000000000E+00)  ( 0.3995557535E+01 0.0000000000E+00)  (-0.5050235576E+01 0.0000000000E+00) 
  8  ( 0.2975902042E+01 0.0000000000E+00)  ( 0.4010493095E+01 0.0000000000E+00)  (-0.4970947301E+01 0.0000000000E+00) 
  9  ( 0.3000244248E+01 0.0000000000E+00)  ( 0.4005373436E+01 0.0000000000E+00)  (-0.5012511311E+01 0.0000000000E+00) 
 10  ( 0.2993832761E+01 0.0000000000E+00)  ( 0.3999559685E+01 0.0000000000E+00)  (-0.4993909463E+01 0.0000000000E+00) 
 11  ( 0.3003578974E+01 0.0000000000E+00)  ( 0.3998477763E+01 0.0000000000E+00)  (-0.5003616108E+01 0.0000000000E+00) 
 12  ( 0.2999923030E+01 0.0000000000E+00)  ( 0.3999491670E+01 0.0000000000E+00)  (-0.4998382570E+01 0.0000000000E+00) 
 13  ( 0.3000610356E+01 0.0000000000E+00)  ( 0.4000174050E+01 0.0000000000E+00)  (-0.5000743446E+01 0.0000000000E+00) 
 14  ( 0.2999499015E+01 0.0000000000E+00)  ( 0.4000197790E+01 0.0000000000E+00)  (-0.4999554106E+01 0.0000000000E+00) 
 15  ( 0.3000027978E+01 0.0000000000E+00)  ( 0.4000036840E+01 0.0000000000E+00)  (-0.5000209132E+01 0.0000000000E+00) 
 16  ( 0.2999944566E+01 0.0000000000E+00)  ( 0.3999965519E+01 0.0000000000E+00)  (-0.4999908364E+01 0.0000000000E+00) 
 17  ( 0.3000066509E+01 0.0000000000E+00)  ( 0.3999976782E+01 0.0000000000E+00)  (-0.5000054525E+01 0.0000000000E+00) 
 18  ( 0.2999992866E+01 0.0000000000E+00)  ( 0.3999999188E+01 0.0000000000E+00)  (-0.4999973042E+01 0.0000000000E+00) 
 19  ( 0.3000004480E+01 0.0000000000E+00)  ( 0.4000005475E+01 0.0000000000E+00)  (-0.5000011426E+01 0.0000000000E+00) 
 20  ( 0.2999991601E+01 0.0000000000E+00)  ( 0.4000002427E+01 0.0000000000E+00)  (-0.4999993377E+01 0.0000000000E+00) 
 21  ( 0.3000001469E+01 0.0000000000E+00)  ( 0.3999999617E+01 0.0000000000E+00)  (-0.5000003455E+01 0.0000000000E+00) 
 22  ( 0.2999999696E+01 0.0000000000E+00)  ( 0.3999999238E+01 0.0000000000E+00)  (-0.4999998558E+01 0.0000000000E+00) 
------------------------------------------------------------------------------------------------------------------------
w =    0.170000E+01  tol =   0.100000E-05
************************************************************************************************************************
  k                  x1                                      x2                                   x3
------------------------------------------------------------------------------------------------------------------------
  1  ( 0.8225000000E+01 0.0000000000E+00)  ( 0.1988125000E+01 0.0000000000E+00)  (-0.1005504687E+02 0.0000000000E+00) 
  2  ( 0.1907640625E+01 0.0000000000E+00)  ( 0.4652675781E+01 0.0000000000E+00)  (-0.1184079980E+01 0.0000000000E+00) 
  3  ( 0.2932489941E+01 0.0000000000E+00)  ( 0.5250968286E+01 0.0000000000E+00)  (-0.7139482492E+01 0.0000000000E+00) 
  4  ( 0.1452272476E+01 0.0000000000E+00)  ( 0.4188394733E+01 0.0000000000E+00)  (-0.3422294494E+01 0.0000000000E+00) 
  5  ( 0.3843205982E+01 0.0000000000E+00)  ( 0.3463560900E+01 0.0000000000E+00)  (-0.6332380472E+01 0.0000000000E+00) 
  6  ( 0.3093715665E+01 0.0000000000E+00)  ( 0.3689758196E+01 0.0000000000E+00)  (-0.4199186436E+01 0.0000000000E+00) 
  7  ( 0.3329957334E+01 0.0000000000E+00)  ( 0.4136819426E+01 0.0000000000E+00)  (-0.5502421238E+01 0.0000000000E+00) 
  8  ( 0.2594585098E+01 0.0000000000E+00)  ( 0.4207601376E+01 0.0000000000E+00)  (-0.4560074548E+01 0.0000000000E+00) 
  9  ( 0.3019098678E+01 0.0000000000E+00)  ( 0.4017296540E+01 0.0000000000E+00)  (-0.5300596787E+01 0.0000000000E+00) 
 10  ( 0.2964577837E+01 0.0000000000E+00)  ( 0.3905302045E+01 0.0000000000E+00)  (-0.4829828880E+01 0.0000000000E+00) 
 11  ( 0.3145535406E+01 0.0000000000E+00)  ( 0.3953053651E+01 0.0000000000E+00)  (-0.5139071982E+01 0.0000000000E+00) 
 12  ( 0.2957981810E+01 0.0000000000E+00)  ( 0.4027330044E+01 0.0000000000E+00)  (-0.4891034344E+01 0.0000000000E+00) 
 13  ( 0.2994566927E+01 0.0000000000E+00)  ( 0.4034106541E+01 0.0000000000E+00)  (-0.5061780679E+01 0.0000000000E+00) 
 14  ( 0.2960317311E+01 0.0000000000E+00)  ( 0.4000464061E+01 0.0000000000E+00)  (-0.4956556299E+01 0.0000000000E+00) 
 15  ( 0.3027186205E+01 0.0000000000E+00)  ( 0.3983476320E+01 0.0000000000E+00)  (-0.5037433155E+01 0.0000000000E+00) 
 16  ( 0.3002037349E+01 0.0000000000E+00)  ( 0.3993059865E+01 0.0000000000E+00)  (-0.4976746349E+01 0.0000000000E+00) 
 17  ( 0.3007422528E+01 0.0000000000E+00)  ( 0.4005277174E+01 0.0000000000E+00)  (-0.5014034757E+01 0.0000000000E+00) 
 18  ( 0.2988075834E+01 0.0000000000E+00)  ( 0.4005544518E+01 0.0000000000E+00)  (-0.4987819250E+01 0.0000000000E+00) 
 19  ( 0.3001277656E+01 0.0000000000E+00)  ( 0.3999666645E+01 0.0000000000E+00)  (-0.5008668201E+01 0.0000000000E+00) 
 20  ( 0.2999530668E+01 0.0000000000E+00)  ( 0.3997147761E+01 0.0000000000E+00)  (-0.4995144461E+01 0.0000000000E+00) 
 21  ( 0.3003965137E+01 0.0000000000E+00)  ( 0.3999004622E+01 0.0000000000E+00)  (-0.5003821913E+01 0.0000000000E+00) 
 22  ( 0.2998493511E+01 0.0000000000E+00)  ( 0.4000993225E+01 0.0000000000E+00)  (-0.4996902540E+01 0.0000000000E+00) 
 23  ( 0.2999788180E+01 0.0000000000E+00)  ( 0.4000891233E+01 0.0000000000E+00)  (-0.5001789448E+01 0.0000000000E+00) 
 24  ( 0.2999011952E+01 0.0000000000E+00)  ( 0.3999875383E+01 0.0000000000E+00)  (-0.4998800349E+01 0.0000000000E+00) 
 25  ( 0.3000850520E+01 0.0000000000E+00)  ( 0.3999512670E+01 0.0000000000E+00)  (-0.5001046871E+01 0.0000000000E+00) 
 26  ( 0.3000025981E+01 0.0000000000E+00)  ( 0.3999863085E+01 0.0000000000E+00)  (-0.4999325379E+01 0.0000000000E+00) 
 27  ( 0.3000156380E+01 0.0000000000E+00)  ( 0.4000183170E+01 0.0000000000E+00)  (-0.5000394387E+01 0.0000000000E+00) 
 28  ( 0.2999656992E+01 0.0000000000E+00)  ( 0.4000141501E+01 0.0000000000E+00)  (-0.4999663791E+01 0.0000000000E+00) 
 29  ( 0.3000059691E+01 0.0000000000E+00)  ( 0.3999967732E+01 0.0000000000E+00)  (-0.5000249060E+01 0.0000000000E+00) 
 30  ( 0.2999999358E+01 0.0000000000E+00)  ( 0.3999917555E+01 0.0000000000E+00)  (-0.4999860697E+01 0.0000000000E+00) 
 31  ( 0.3000105566E+01 0.0000000000E+00)  ( 0.3999982318E+01 0.0000000000E+00)  (-0.5000105027E+01 0.0000000000E+00) 
 32  ( 0.2999948648E+01 0.0000000000E+00)  ( 0.4000033215E+01 0.0000000000E+00)  (-0.4999912365E+01 0.0000000000E+00) 
 33  ( 0.2999993598E+01 0.0000000000E+00)  ( 0.4000022157E+01 0.0000000000E+00)  (-0.5000051928E+01 0.0000000000E+00) 
 34  ( 0.2999976231E+01 0.0000000000E+00)  ( 0.3999992726E+01 0.0000000000E+00)  (-0.4999966742E+01 0.0000000000E+00) 
 35  ( 0.3000025912E+01 0.0000000000E+00)  ( 0.3999986188E+01 0.0000000000E+00)  (-0.5000029151E+01 0.0000000000E+00) 
 36  ( 0.2999999472E+01 0.0000000000E+00)  ( 0.3999997953E+01 0.0000000000E+00)  (-0.4999980464E+01 0.0000000000E+00) 
 37  ( 0.3000002980E+01 0.0000000000E+00)  ( 0.4000005936E+01 0.0000000000E+00)  (-0.5000011152E+01 0.0000000000E+00) 
 38  ( 0.2999990345E+01 0.0000000000E+00)  ( 0.4000003415E+01 0.0000000000E+00)  (-0.4999990742E+01 0.0000000000E+00) 
 39  ( 0.3000002405E+01 0.0000000000E+00)  ( 0.3999998478E+01 0.0000000000E+00)  (-0.5000007127E+01 0.0000000000E+00) 
 40  ( 0.3000000257E+01 0.0000000000E+00)  ( 0.3999997709E+01 0.0000000000E+00)  (-0.4999995985E+01 0.0000000000E+00) 
 41  ( 0.3000002742E+01 0.0000000000E+00)  ( 0.3999999815E+01 0.0000000000E+00)  (-0.5000002889E+01 0.0000000000E+00) 
 42  ( 0.2999998317E+01 0.0000000000E+00)  ( 0.4000001047E+01 0.0000000000E+00)  (-0.4999997532E+01 0.0000000000E+00) 
 43  ( 0.2999999843E+01 0.0000000000E+00)  ( 0.4000000516E+01 0.0000000000E+00)  (-0.5000001508E+01 0.0000000000E+00) 
