------------------------------------------------------------------------------------------------------------------------
w =    0.100000E+01  tol =   0.100000E-05
************************************************************************************************************************
  k                  x1                                      x2                                   x3
------------------------------------------------------------------------------------------------------------------------
  1  (-0.5000000000E+00 0.0000000000E+00)  (-0.1250000000E+00 0.0000000000E+00)  (-0.1250000000E+00 0.0000000000E+00)  ( 0.5000000000E+00 0.0000000000E+00) 
  2  (-0.6250000000E+00 0.0000000000E+00)  ( 0.0000000000E+00 0.0000000000E+00)  (-0.2250000000E+00 0.0000000000E+00)  ( 0.6166666667E+00 0.0000000000E+00) 
  3  (-0.7104166667E+00 0.0000000000E+00)  ( 0.2552083333E-01 0.0000000000E+00)  (-0.2603125000E+00 0.0000000000E+00)  ( 0.6654166667E+00 0.0000000000E+00) 
  4  (-0.7378125000E+00 0.0000000000E+00)  ( 0.3572916667E-01 0.0000000000E+00)  (-0.2735000000E+00 0.0000000000E+00)  ( 0.6823472222E+00 0.0000000000E+00) 
  5  (-0.7478940972E+00 0.0000000000E+00)  ( 0.3918532986E-01 0.0000000000E+00)  (-0.2782111979E+00 0.0000000000E+00)  ( 0.6884302083E+00 0.0000000000E+00) 
  6  (-0.7514566840E+00 0.0000000000E+00)  ( 0.4041892361E-01 0.0000000000E+00)  (-0.2798935938E+00 0.0000000000E+00)  ( 0.6905897338E+00 0.0000000000E+00) 
  7  (-0.7527255628E+00 0.0000000000E+00)  ( 0.4085542571E-01 0.0000000000E+00)  (-0.2804919742E+00 0.0000000000E+00)  ( 0.6913576542E+00 0.0000000000E+00) 
  8  (-0.7531762635E+00 0.0000000000E+00)  ( 0.4101048589E-01 0.0000000000E+00)  (-0.2807046864E+00 0.0000000000E+00)  ( 0.6916304786E+00 0.0000000000E+00) 
  9  (-0.7533364127E+00 0.0000000000E+00)  ( 0.4106555124E-01 0.0000000000E+00)  (-0.2807802680E+00 0.0000000000E+00)  ( 0.6917274107E+00 0.0000000000E+00) 
 10  (-0.7533933075E+00 0.0000000000E+00)  ( 0.4108511253E-01 0.0000000000E+00)  (-0.2808071211E+00 0.0000000000E+00)  ( 0.6917618470E+00 0.0000000000E+00) 
 11  (-0.7534135202E+00 0.0000000000E+00)  ( 0.4109206152E-01 0.0000000000E+00)  (-0.2808166611E+00 0.0000000000E+00)  ( 0.6917740809E+00 0.0000000000E+00) 
 12  (-0.7534207009E+00 0.0000000000E+00)  ( 0.4109453018E-01 0.0000000000E+00)  (-0.2808200503E+00 0.0000000000E+00)  ( 0.6917784271E+00 0.0000000000E+00) 
 13  (-0.7534232519E+00 0.0000000000E+00)  ( 0.4109540718E-01 0.0000000000E+00)  (-0.2808212544E+00 0.0000000000E+00)  ( 0.6917799712E+00 0.0000000000E+00) 
 14  (-0.7534241582E+00 0.0000000000E+00)  ( 0.4109571874E-01 0.0000000000E+00)  (-0.2808216821E+00 0.0000000000E+00)  ( 0.6917805197E+00 0.0000000000E+00) 
------------------------------------------------------------------------------------------------------------------------
w =    0.150000E+01  tol =   0.100000E-05
************************************************************************************************************************
  k                  x1                                      x2                                   x3
------------------------------------------------------------------------------------------------------------------------
  1  (-0.7500000000E+00 0.0000000000E+00)  (-0.9375000000E-01 0.0000000000E+00)  (-0.2531250000E+00 0.0000000000E+00)  ( 0.9546875000E+00 0.0000000000E+00) 
  2  (-0.7927734375E+00 0.0000000000E+00)  ( 0.2322509766E+00 0.0000000000E+00)  (-0.3280004883E+00 0.0000000000E+00)  ( 0.6991687012E+00 0.0000000000E+00) 
  3  (-0.8258958435E+00 0.0000000000E+00)  (-0.4222646713E-01 0.0000000000E+00)  (-0.3061870594E+00 0.0000000000E+00)  ( 0.6953438673E+00 0.0000000000E+00) 
  4  (-0.6967912506E+00 0.0000000000E+00)  ( 0.5334375550E-01 0.0000000000E+00)  (-0.2485438790E+00 0.0000000000E+00)  ( 0.6516675089E+00 0.0000000000E+00) 
  5  (-0.7591875535E+00 0.0000000000E+00)  ( 0.3419481601E-01 0.0000000000E+00)  (-0.2887261344E+00 0.0000000000E+00)  ( 0.7152204975E+00 0.0000000000E+00) 
  6  (-0.7597092662E+00 0.0000000000E+00)  ( 0.5272895299E-01 0.0000000000E+00)  (-0.2822971760E+00 0.0000000000E+00)  ( 0.6897574489E+00 0.0000000000E+00) 
  7  (-0.7544392086E+00 0.0000000000E+00)  ( 0.3434782904E-01 0.0000000000E+00)  (-0.2818060605E+00 0.0000000000E+00)  ( 0.6904178246E+00 0.0000000000E+00) 
  8  (-0.7502447885E+00 0.0000000000E+00)  ( 0.4239729272E-01 0.0000000000E+00)  (-0.2785765659E+00 0.0000000000E+00)  ( 0.6904004112E+00 0.0000000000E+00) 
  9  (-0.7541429569E+00 0.0000000000E+00)  ( 0.4103890450E-01 0.0000000000E+00)  (-0.2817630562E+00 0.0000000000E+00)  ( 0.6932722532E+00 0.0000000000E+00) 
 10  (-0.7539563517E+00 0.0000000000E+00)  ( 0.4153012853E-01 0.0000000000E+00)  (-0.2808280148E+00 0.0000000000E+00)  ( 0.6915211210E+00 0.0000000000E+00) 
 11  (-0.7532265483E+00 0.0000000000E+00)  ( 0.4070480613E-01 0.0000000000E+00)  (-0.2807988515E+00 0.0000000000E+00)  ( 0.6916045425E+00 0.0000000000E+00) 
 12  (-0.7533023009E+00 0.0000000000E+00)  ( 0.4118809389E-01 0.0000000000E+00)  (-0.2807161991E+00 0.0000000000E+00)  ( 0.6918010257E+00 0.0000000000E+00) 
 13  (-0.7534883441E+00 0.0000000000E+00)  ( 0.4112089206E-01 0.0000000000E+00)  (-0.2808924438E+00 0.0000000000E+00)  ( 0.6918503271E+00 0.0000000000E+00) 
 14  (-0.7534547016E+00 0.0000000000E+00)  ( 0.4109427330E-01 0.0000000000E+00)  (-0.2808170047E+00 0.0000000000E+00)  ( 0.6917578263E+00 0.0000000000E+00) 
 15  (-0.7533985633E+00 0.0000000000E+00)  ( 0.4108013267E-01 0.0000000000E+00)  (-0.2808143747E+00 0.0000000000E+00)  ( 0.6917676222E+00 0.0000000000E+00) 
 16  (-0.7534240169E+00 0.0000000000E+00)  ( 0.4110140784E-01 0.0000000000E+00)  (-0.2808198820E+00 0.0000000000E+00)  ( 0.6917888423E+00 0.0000000000E+00) 
 17  (-0.7534292911E+00 0.0000000000E+00)  ( 0.4109864034E-01 0.0000000000E+00)  (-0.2808259069E+00 0.0000000000E+00)  ( 0.6917824980E+00 0.0000000000E+00) 
 18  (-0.7534254964E+00 0.0000000000E+00)  ( 0.4109396266E-01 0.0000000000E+00)  (-0.2808212561E+00 0.0000000000E+00)  ( 0.6917791086E+00 0.0000000000E+00) 
 19  (-0.7534226245E+00 0.0000000000E+00)  ( 0.4109569755E-01 0.0000000000E+00)  (-0.2808211826E+00 0.0000000000E+00)  ( 0.6917801981E+00 0.0000000000E+00) 
 20  (-0.7534250921E+00 0.0000000000E+00)  ( 0.4109619154E-01 0.0000000000E+00)  (-0.2808221383E+00 0.0000000000E+00)  ( 0.6917816119E+00 0.0000000000E+00) 
 21  (-0.7534249321E+00 0.0000000000E+00)  ( 0.4109605638E-01 0.0000000000E+00)  (-0.2808220772E+00 0.0000000000E+00)  ( 0.6917807269E+00 0.0000000000E+00) 
 22  (-0.7534246066E+00 0.0000000000E+00)  ( 0.4109569293E-01 0.0000000000E+00)  (-0.2808218536E+00 0.0000000000E+00)  ( 0.6917807131E+00 0.0000000000E+00) 
------------------------------------------------------------------------------------------------------------------------
w =    0.800000E+00  tol =   0.100000E-05
************************************************************************************************************************
  k                  x1                                      x2                                   x3
------------------------------------------------------------------------------------------------------------------------
  1  (-0.4000000000E+00 0.0000000000E+00)  (-0.1200000000E+00 0.0000000000E+00)  (-0.8320000000E-01 0.0000000000E+00)  ( 0.3635200000E+00 0.0000000000E+00) 
  2  (-0.5453440000E+00 0.0000000000E+00)  (-0.5886720000E-01 0.0000000000E+00)  (-0.1714769920E+00 0.0000000000E+00)  ( 0.5148250112E+00 0.0000000000E+00) 
  3  (-0.6345557606E+00 0.0000000000E+00)  (-0.1619268403E-01 0.0000000000E+00)  (-0.2207871513E+00 0.0000000000E+00)  ( 0.5934050630E+00 0.0000000000E+00) 
  4  (-0.6865110582E+00 0.0000000000E+00)  ( 0.8587257170E-02 0.0000000000E+00)  (-0.2475700485E+00 0.0000000000E+00)  ( 0.6367259096E+00 0.0000000000E+00) 
  5  (-0.7158788547E+00 0.0000000000E+00)  ( 0.2272439460E-01 0.0000000000E+00)  (-0.2622948689E+00 0.0000000000E+00)  ( 0.6609180134E+00 0.0000000000E+00) 
  6  (-0.7323632263E+00 0.0000000000E+00)  ( 0.3074215310E-01 0.0000000000E+00)  (-0.2704652276E+00 0.0000000000E+00)  ( 0.6744690979E+00 0.0000000000E+00) 
  7  (-0.7416079410E+00 0.0000000000E+00)  ( 0.3527079287E-01 0.0000000000E+00)  (-0.2750220449E+00 0.0000000000E+00)  ( 0.6820673606E+00 0.0000000000E+00) 
  8  (-0.7467936279E+00 0.0000000000E+00)  ( 0.3782194729E-01 0.0000000000E+00)  (-0.2775706556E+00 0.0000000000E+00)  ( 0.6863298003E+00 0.0000000000E+00) 
  9  (-0.7497032062E+00 0.0000000000E+00)  ( 0.3925685965E-01 0.0000000000E+00)  (-0.2789983146E+00 0.0000000000E+00)  ( 0.6887215282E+00 0.0000000000E+00) 
 10  (-0.7513359817E+00 0.0000000000E+00)  ( 0.4006321099E-01 0.0000000000E+00)  (-0.2797987508E+00 0.0000000000E+00)  ( 0.6900637572E+00 0.0000000000E+00) 
 11  (-0.7522523401E+00 0.0000000000E+00)  ( 0.4051611152E-01 0.0000000000E+00)  (-0.2802477479E+00 0.0000000000E+00)  ( 0.6908170713E+00 0.0000000000E+00) 
 12  (-0.7527666542E+00 0.0000000000E+00)  ( 0.4077041783E-01 0.0000000000E+00)  (-0.2804996788E+00 0.0000000000E+00)  ( 0.6912398811E+00 0.0000000000E+00) 
 13  (-0.7530553264E+00 0.0000000000E+00)  ( 0.4091318931E-01 0.0000000000E+00)  (-0.2806410587E+00 0.0000000000E+00)  ( 0.6914771961E+00 0.0000000000E+00) 
 14  (-0.7532173541E+00 0.0000000000E+00)  ( 0.4099333616E-01 0.0000000000E+00)  (-0.2807204060E+00 0.0000000000E+00)  ( 0.6916103982E+00 0.0000000000E+00) 
 15  (-0.7533082989E+00 0.0000000000E+00)  ( 0.4103832545E-01 0.0000000000E+00)  (-0.2807649407E+00 0.0000000000E+00)  ( 0.6916851636E+00 0.0000000000E+00) 
 16  (-0.7533593457E+00 0.0000000000E+00)  ( 0.4106357883E-01 0.0000000000E+00)  (-0.2807899370E+00 0.0000000000E+00)  ( 0.6917271291E+00 0.0000000000E+00) 
 17  (-0.7533879981E+00 0.0000000000E+00)  ( 0.4107775382E-01 0.0000000000E+00)  (-0.2808039672E+00 0.0000000000E+00)  ( 0.6917506843E+00 0.0000000000E+00) 
 18  (-0.7534040807E+00 0.0000000000E+00)  ( 0.4108571032E-01 0.0000000000E+00)  (-0.2808118422E+00 0.0000000000E+00)  ( 0.6917639057E+00 0.0000000000E+00) 
 19  (-0.7534131078E+00 0.0000000000E+00)  ( 0.4109017632E-01 0.0000000000E+00)  (-0.2808162624E+00 0.0000000000E+00)  ( 0.6917713269E+00 0.0000000000E+00) 
 20  (-0.7534181747E+00 0.0000000000E+00)  ( 0.4109268310E-01 0.0000000000E+00)  (-0.2808187434E+00 0.0000000000E+00)  ( 0.6917754924E+00 0.0000000000E+00) 
 21  (-0.7534210187E+00 0.0000000000E+00)  ( 0.4109409015E-01 0.0000000000E+00)  (-0.2808201360E+00 0.0000000000E+00)  ( 0.6917778304E+00 0.0000000000E+00) 
 22  (-0.7534226151E+00 0.0000000000E+00)  ( 0.4109487992E-01 0.0000000000E+00)  (-0.2808209177E+00 0.0000000000E+00)  ( 0.6917791428E+00 0.0000000000E+00) 
 23  (-0.7534235111E+00 0.0000000000E+00)  ( 0.4109532323E-01 0.0000000000E+00)  (-0.2808213564E+00 0.0000000000E+00)  ( 0.6917798794E+00 0.0000000000E+00) 
 24  (-0.7534240140E+00 0.0000000000E+00)  ( 0.4109557205E-01 0.0000000000E+00)  (-0.2808216027E+00 0.0000000000E+00)  ( 0.6917802929E+00 0.0000000000E+00) 
