2
(1,0) (1,0)
(2,0) (-1,0)
det=-3

2
(3,0) (1,0)
(2,0) (-1,0)
det=-5

3
(2,0) (1,0) (-1,0)
(1,0) (-3,0) (1,0)
(1,0) (3,0) (-3,0)
det=10

3
(2,0) (2,0) (1,0)
(1,0) (3,0) (2,0)
(-2,0) (1,0) (2,0)
det=3

4
(2,0) (0,0) (1,0) (0,0)
(1,0) (3,0) (0,0) (2,0)
(0,0) (1,0) (-2,0) (1,0)
(4,0) (0,0) (1,0) (1,0)
det=-9

4
(2,0) (0,0) (1,0) (0,0)
(0,0) (3,0) (0,0) (2,0)
(1,0) (0,0) (-2,0) (0,0)
(0,0) (1,0)  (0,0) (1,0)
det=-5

¥¼??
4
(2,2) (0,0) (1,1) (0,0)
(1,0) (3,3) (0,0) (2,2)
(0,1) (1,0) (-2,-2) (1,0)
(4,0) (0,1) (1,0) (1,1)
det=(39.0,-9)
inverse matrix
3
(1,0) (2,0) (3,0)
(2,0) (2,0) (1,0)
(3,0) (4,0) (3,0)
iv
(1,0) (3,0) (-2,0)
(-3/2,0) (-3,0) (5/2,0)
(1,0) (1,0) (-1,0)

5
(1,0) (0,0) (0,0) (0,0) (0,0)
(0,0) (2,0) (0,0) (0,0) (0,0)
(0,0) (0,0) (3,0) (0,0) (0,0)
(0,0) (0,0) (0,0) (4,0) (0,0)
(0,0) (0,0) (0,0) (0,0) (5,0)
iv
(1,0) (0,0)   (0,0)   (0,0)   (0,0)
(0,0) (1/2,0) (0,0)   (0,0)   (0,0)
(0,0) (0,0)   (1/3,0) (0,0)   (0,0)
(0,0) (0,0)   (0,0)   (1/4,0) (0,0)
(0,0) (0,0)   (0,0)   (0,0)   (1/5,0)




Matrix Factorization 
LU
(1,0) (1,0) (0,0) (3,0)
(2,0) (1,0) (-1,0) (1,0)
(3,0) (-1,0) (-1,0) (2,0)
(-1,0) (2,0)  (3,0) (-1,0)
L
(1,0)  (0,0)  (0,0) (0,0)
(2,0)  (1,0)  (0,0) (0,0)
(3,0)  (4,0)  (1,0) (0,0)
(-1,0) (-3,0) (0,0) (1,0)
U
(1,0) (1,0)  (0,0)  (3,0)
(0,0) (-1,0) (-1,0) (-5,0)
(0,0) (0,0)  (3,0)  (13,0)
(0,0) (0,0)  (0,0)  (-13,0)
¦X
(1,0)  (1,0)  (0,0)  (3,0)
(2,0)  (-1,0) (-1,0) (-5,0)
(3,0)  (4,0)  (3,0)  (13,0)
(-1,0) (-3,0)  (0,0)  (-13,0)

4 findx
Matrix Factorization 
LU
(1,0)  (1,0)  (0,0)  (3,0)  (8,0)
(2,0)  (1,0)  (-1,0) (1,0)  (7,0)
(3,0)  (-1,0) (-1,0) (2,0)  (14,0)
(-1,0) (2,0)  (3,0)  (-1,0) (-7,0)
Y
(8,0) (-9,0)  (26,0)  (-26,0)
X
(3,0) (-1,0)  (0,0)  (2,0)
